p1 = [0 -90 -90 0 90 0];
p2 = [48.250986 -100.143448 -78.886642 -0.969910 41.749014 -0.000000];



MoveJTest(p1,p2,10)